ROUGE-1: 0.735799
ROUGE-2: 0.592344
ROUGE-L: 0.724663
ROUGE-Lsum: 0.724374
BLEU: 0.537601
